branch	field	M1	M2	q
### Switching fields:  0.98, 0.26
-1	0.00	0.000000	0.000000	4.00
1	0.00	0.000000	0.000000	4.01
1	0.09	0.022180	0.022180	4.00
-1	0.10	0.024644	0.024644	4.00
-1	0.03	0.007319	0.007319	4.00
1	0.03	0.007319	0.007319	4.00
1	0.02	0.004878	0.004878	4.01
-1	0.01	0.002440	0.002440	4.00
-1	0.02	0.004880	0.004880	4.00
-1	0.08	0.019518	0.019518	4.00
1	0.07	0.017081	0.017081	4.00
1	0.06	0.014641	0.014641	4.00
1	0.08	0.019521	0.019521	4.00
1	0.04	0.009761	0.009761	4.00
-1	0.04	0.009761	0.009761	4.00
-1	0.05	0.012201	0.012201	4.00
-1	0.07	0.017081	0.017081	4.00
-1	0.06	0.014641	0.014641	4.00
1	0.27	0.066572	0.066572	3.98
1	0.01	0.002439	0.002439	4.01
1	0.05	0.012201	0.012201	4.00
-1	0.09	0.021958	0.021958	4.00
-1	0.21	0.051243	0.051243	3.98
-1	0.20	0.048803	0.048803	3.98
1	0.10	0.024398	0.024398	4.00
1	0.14	0.034157	0.034157	4.00
1	0.19	0.046367	0.046367	3.99
1	0.20	0.048807	0.048808	3.99
-1	0.19	0.046367	0.046367	3.99
1	0.17	0.041486	0.041486	3.99
1	0.16	0.039036	0.039036	4.00
1	0.21	0.051230	0.051230	3.99
-1	0.16	0.039033	0.039033	3.99
1	0.22	0.053688	0.053688	3.99
-1	0.22	0.053701	0.053702	3.98
1	0.13	0.031722	0.031722	4.00
1	0.15	0.036602	0.036602	4.00
1	0.11	0.026842	0.026842	4.00
-1	0.11	0.026842	0.026842	4.00
1	0.12	0.029282	0.029282	4.00
1	0.39	0.096257	0.096258	3.94
1	0.23	0.056142	0.056143	3.98
-1	0.14	0.034165	0.034165	3.99
-1	0.15	0.036606	0.036606	3.99
-1	0.12	0.029284	0.029285	3.99
-1	0.13	0.031725	0.031725	3.99
-1	0.17	0.041486	0.041486	3.99
1	0.18	0.043927	0.043927	3.99
-1	0.18	0.043927	0.043927	3.99
-1	0.23	0.056142	0.056143	3.98
1	0.24	0.058583	0.058584	3.98
1	0.31	0.075689	0.075689	3.97
1	0.25	0.061024	0.061025	3.98
1	0.26	0.063475	0.063476	3.98
-1	0.25	0.061039	0.061040	3.97
-1	0.26	0.063481	0.063482	3.97
1	0.29	0.070805	0.070806	3.97
1	0.30	0.073247	0.073248	3.97
-1	0.24	0.058583	0.058584	3.98
1	0.28	0.069054	0.069055	3.97
-1	0.27	0.073472	0.073473	2.53
-1	0.31	0.094113	0.094113	2.20
1	0.32	0.078150	0.078150	3.96
-1	0.28	0.085005	0.085006	2.20
-1	0.29	0.088041	0.088041	2.20
1	0.34	0.083034	0.083035	3.96
1	0.33	0.081406	0.081407	3.96
-1	0.33	0.100184	0.100184	2.20
1	0.37	0.090385	0.090385	3.95
1	0.35	0.085499	0.085499	3.95
-1	0.30	0.091077	0.091077	2.20
-1	0.32	0.097148	0.097149	2.20
-1	0.34	0.103220	0.103220	2.20
1	0.36	0.087942	0.087942	3.95
-1	0.36	0.109291	0.109292	2.20
-1	0.40	0.121434	0.121435	2.20
-1	0.35	0.106256	0.106256	2.20
1	0.45	0.110012	0.110013	3.92
1	0.46	0.112457	0.112458	3.92
1	0.47	0.114932	0.114933	3.91
1	0.48	0.117377	0.117378	3.91
-1	0.45	0.136613	0.136613	2.20
1	0.40	0.097738	0.097739	3.94
1	0.38	0.092828	0.092827	3.95
1	0.49	0.122301	0.122302	3.90
1	0.49	0.119855	0.119856	3.90
1	0.44	0.107568	0.107569	3.92
-1	0.44	0.133577	0.133577	2.20
1	0.52	0.129711	0.129712	3.88
-1	0.46	0.139648	0.139649	2.20
-1	0.47	0.142684	0.142684	2.20
-1	0.49	0.151791	0.151791	2.20
-1	0.48	0.145719	0.145720	2.20
1	0.51	0.127229	0.127230	3.89
1	0.53	0.132159	0.132159	3.88
1	0.41	0.101193	0.101194	3.94
1	0.43	0.106157	0.106158	3.93
-1	0.49	0.148755	0.148755	2.20
1	0.42	0.103688	0.103689	3.93
-1	0.38	0.115363	0.115363	2.20
-1	0.39	0.118399	0.118399	2.20
-1	0.51	0.157862	0.157862	2.20
-1	0.37	0.112327	0.112327	2.20
-1	0.41	0.124470	0.124470	2.20
-1	0.43	0.130541	0.130542	2.20
-1	0.50	0.154826	0.154827	2.20
-1	0.42	0.127506	0.127506	2.20
-1	0.52	0.160897	0.160898	2.20
1	0.50	0.124783	0.124783	3.89
1	0.56	0.139578	0.139579	3.86
-1	0.58	0.177853	0.177854	2.20
1	0.58	0.144517	0.144518	3.85
1	0.55	0.137091	0.137091	3.87
1	0.54	0.134643	0.134643	3.87
1	0.59	0.147007	0.147010	3.84
-1	0.56	0.173039	0.173040	2.20
-1	0.54	0.166968	0.166969	2.20
1	0.60	0.149457	0.149460	3.84
-1	0.53	0.163933	0.163933	2.20
1	0.57	0.142027	0.142027	3.86
1	0.65	0.161902	0.161902	3.80
-1	0.57	0.176075	0.176075	2.20
1	0.67	0.166857	0.166858	3.79
-1	0.59	0.182146	0.182146	2.20
1	0.64	0.159401	0.159403	3.81
-1	0.55	0.170004	0.170004	2.20
1	0.71	0.176838	0.176839	3.76
1	0.69	0.171872	0.171873	3.77
1	0.66	0.164355	0.164355	3.80
-1	0.63	0.194288	0.194288	2.20
1	0.73	0.181867	0.181869	3.74
1	0.75	0.186905	0.186907	3.72
-1	0.61	0.188217	0.188217	2.20
1	0.61	0.151953	0.151956	3.83
-1	0.64	0.197323	0.197324	2.20
-1	0.66	0.203394	0.203394	2.20
1	0.76	0.189428	0.189428	3.71
-1	0.65	0.200359	0.200359	2.20
-1	0.68	0.209465	0.209465	2.20
1	0.78	0.194479	0.194480	3.69
1	0.79	0.197009	0.197009	3.68
1	0.68	0.169364	0.169364	3.78
1	0.72	0.179352	0.179353	3.75
1	0.70	0.174327	0.174328	3.77
-1	0.60	0.185181	0.185182	2.20
1	0.77	0.191953	0.191952	3.70
1	0.81	0.202150	0.202150	3.65
-1	0.62	0.191252	0.191253	2.20
1	0.82	0.204689	0.204688	3.64
-1	0.75	0.230712	0.230712	2.20
1	0.86	0.214956	0.214955	3.59
1	0.80	0.199613	0.199614	3.66
-1	0.77	0.236782	0.236783	2.20
-1	0.76	0.233747	0.233747	2.20
1	0.85	0.212403	0.212404	3.60
-1	0.67	0.206429	0.206430	2.20
1	0.88	0.220157	0.220157	3.56
1	0.87	0.217512	0.217510	3.58
-1	0.70	0.215535	0.215536	2.20
-1	0.80	0.245888	0.245888	2.20
-1	0.72	0.221606	0.221606	2.20
1	0.83	0.207230	0.207230	3.63
1	0.91	0.228146	0.228145	3.50
1	0.89	0.222723	0.222720	3.55
-1	0.69	0.212500	0.212500	2.20
-1	0.81	0.248923	0.248923	2.20
1	0.90	0.225382	0.225380	3.53
-1	0.71	0.218571	0.218571	2.20
-1	0.73	0.224641	0.224642	2.20
-1	0.78	0.239817	0.239818	2.20
-1	0.74	0.227676	0.227677	2.20
1	0.84	0.209401	0.209401	3.62
-1	0.82	0.251958	0.251959	2.20
-1	0.83	0.254993	0.254994	2.20
-1	0.79	0.242853	0.242853	2.20
-1	0.85	0.261063	0.261064	2.20
-1	0.86	0.264098	0.264099	2.20
1	0.94	0.236440	0.236440	3.42
-1	0.84	0.258028	0.258029	2.20
1	0.95	0.239160	0.239160	3.40
1	0.96	0.242013	0.242016	3.37
1	0.93	0.233623	0.233625	3.45
1	0.92	0.230931	0.230929	3.47
1	0.97	0.245284	0.245286	3.31
-1	0.90	0.276238	0.276239	2.20
-1	0.88	0.270168	0.270169	2.20
-1	0.89	0.273203	0.273204	2.20
-1	0.87	0.267133	0.267134	2.20
-1	0.95	0.291413	0.291414	2.20
-1	0.92	0.282308	0.282309	2.20
1	0.99	0.303552	0.303553	2.20
-1	0.93	0.285343	0.285344	2.20
-1	0.91	0.279273	0.279274	2.20
-1	0.97	0.297483	0.297483	2.20
-1	0.99	0.303552	0.303553	2.20
-1	0.94	0.288378	0.288379	2.20
1	0.98	0.300518	0.300518	2.20
-1	0.96	0.294448	0.294449	2.20
-1	0.98	0.300518	0.300518	2.20
