branch	field	M1	M2	q
### Switching fields: 0.55, 0.17
-1	0.00	0.000000	0.000000	3.00
1	0.00	0.000000	0.000000	3.00
-1	0.02	0.005166	0.005166	3.00
1	0.03	0.007749	0.007749	3.00
1	0.02	0.005114	0.005114	3.00
-1	0.04	0.010228	0.010228	3.00
-1	0.03	0.007671	0.007671	3.00
1	0.04	0.010228	0.010228	3.00
1	0.01	0.002557	0.002557	3.00
-1	0.01	0.002557	0.002557	3.00
-1	0.14	0.035860	0.035861	2.98
1	0.14	0.035860	0.035861	2.98
-1	0.16	0.040983	0.040983	2.98
1	0.16	0.040983	0.040983	2.98
1	0.24	0.062264	0.062265	2.95
-1	0.05	0.012805	0.012805	3.00
-1	0.13	0.033270	0.033270	2.99
-1	0.15	0.038422	0.038422	2.98
1	0.15	0.038422	0.038422	2.98
1	0.06	0.015342	0.015342	3.00
-1	0.06	0.015342	0.015342	3.00
1	0.05	0.012785	0.012785	3.00
-1	0.07	0.017899	0.017899	3.00
-1	0.11	0.028152	0.028152	2.99
1	0.09	0.023033	0.023033	2.99
-1	0.12	0.030711	0.030711	2.99
1	0.13	0.033270	0.033270	2.99
1	0.07	0.017899	0.017899	3.00
1	0.12	0.030711	0.030711	2.99
-1	0.17	0.043584	0.043584	2.97
1	0.08	0.020474	0.020474	2.99
-1	0.08	0.020474	0.020474	2.99
-1	0.10	0.025610	0.025610	2.99
1	0.10	0.025610	0.025610	2.99
-1	0.09	0.023049	0.023049	2.99
1	0.17	0.043584	0.043584	2.97
1	0.11	0.028152	0.028152	2.99
1	0.21	0.053887	0.053887	2.96
1	0.18	0.046147	0.046148	2.97
1	0.19	0.048711	0.048711	2.97
1	0.20	0.051321	0.051321	2.96
1	0.22	0.056453	0.056453	2.96
-1	0.19	0.058265	0.058266	2.20
-1	0.21	0.063755	0.063755	2.20
-1	0.26	0.079731	0.079731	2.20
-1	0.18	0.054647	0.054647	2.20
1	0.30	0.077348	0.077348	2.91
-1	0.22	0.066790	0.066791	2.20
1	0.27	0.069478	0.069478	2.93
1	0.25	0.064270	0.064270	2.94
1	0.28	0.072051	0.072051	2.93
1	0.31	0.079926	0.079926	2.91
-1	0.31	0.095063	0.095063	2.20
1	0.33	0.085254	0.085253	2.89
1	0.26	0.066841	0.066841	2.94
1	0.32	0.082587	0.082587	2.90
-1	0.30	0.091077	0.091077	2.20
-1	0.29	0.088041	0.088041	2.20
1	0.29	0.074696	0.074697	2.92
-1	0.28	0.085864	0.085864	2.20
-1	0.32	0.097148	0.097149	2.20
-1	0.25	0.076665	0.076665	2.20
1	0.23	0.059118	0.059118	2.95
-1	0.23	0.070532	0.070532	2.20
-1	0.20	0.060719	0.060719	2.20
-1	0.24	0.072862	0.072862	2.20
1	0.39	0.101291	0.101292	2.84
1	0.34	0.087837	0.087836	2.89
-1	0.36	0.109291	0.109292	2.20
1	0.41	0.106727	0.106726	2.82
-1	0.42	0.127506	0.127506	2.20
-1	0.27	0.081970	0.081970	2.20
1	0.43	0.112330	0.112330	2.79
-1	0.33	0.100184	0.100184	2.20
1	0.47	0.123558	0.123558	2.74
1	0.44	0.115082	0.115083	2.78
1	0.48	0.126357	0.126357	2.73
1	0.46	0.120616	0.120616	2.76
1	0.45	0.117844	0.117844	2.77
1	0.36	0.093196	0.093197	2.87
-1	0.45	0.136613	0.136613	2.20
-1	0.34	0.103220	0.103220	2.20
-1	0.46	0.139648	0.139649	2.20
1	0.49	0.132362	0.132363	2.69
1	0.49	0.129346	0.129345	2.71
1	0.35	0.090513	0.090513	2.88
1	0.50	0.135618	0.135618	2.66
1	0.52	0.142086	0.142086	2.61
-1	0.38	0.116528	0.116528	2.20
-1	0.35	0.106256	0.106256	2.20
-1	0.44	0.133577	0.133577	2.20
-1	0.48	0.145719	0.145720	2.20
1	0.51	0.138715	0.138714	2.64
1	0.37	0.095887	0.095888	2.86
-1	0.40	0.122661	0.122661	2.20
-1	0.49	0.151791	0.151791	2.20
1	0.38	0.098585	0.098585	2.85
-1	0.37	0.112327	0.112327	2.20
1	0.42	0.109456	0.109456	2.81
1	0.40	0.104005	0.104006	2.83
-1	0.47	0.142684	0.142684	2.20
#-1	0.49	0.148755	0.148755	2.20
-1	0.39	0.118399	0.118399	2.20
-1	0.41	0.124470	0.124470	2.20
-1	0.50	0.154826	0.154827	2.20
-1	0.52	0.160897	0.160898	2.20
-1	0.43	0.130541	0.130542	2.20
-1	0.53	0.163933	0.163933	2.20
1	0.55	0.170004	0.170004	2.20
-1	0.58	0.179110	0.179111	2.20
-1	0.60	0.185181	0.185182	2.20
-1	0.51	0.157862	0.157862	2.20
1	0.53	0.145803	0.145803	2.57
1	0.54	0.159489	0.159489	2.30
-1	0.59	0.182146	0.182146	2.20
1	0.60	0.185181	0.185182	2.20
1	0.63	0.194288	0.194288	2.20
1	0.64	0.197323	0.197324	2.20
1	0.59	0.182146	0.182146	2.20
-1	0.61	0.188217	0.188217	2.20
-1	0.63	0.194288	0.194288	2.20
-1	0.54	0.166968	0.166969	2.20
-1	0.64	0.197323	0.197324	2.20
1	0.66	0.203394	0.203394	2.20
1	0.67	0.206429	0.206430	2.20
1	0.65	0.200359	0.200359	2.20
-1	0.71	0.218571	0.218571	2.20
-1	0.55	0.170004	0.170004	2.20
-1	0.67	0.206429	0.206430	2.20
1	0.56	0.173039	0.173040	2.20
-1	0.57	0.176075	0.176075	2.20
1	0.68	0.209465	0.209465	2.20
-1	0.73	0.224641	0.224642	2.20
1	0.69	0.212500	0.212500	2.20
-1	0.69	0.212500	0.212500	2.20
-1	0.56	0.173039	0.173040	2.20
1	0.57	0.176075	0.176075	2.20
1	0.58	0.179110	0.179111	2.20
1	0.71	0.218571	0.218571	2.20
1	0.72	0.221606	0.221606	2.20
1	0.61	0.188217	0.188217	2.20
1	0.78	0.239817	0.239818	2.20
-1	0.62	0.191252	0.191253	2.20
-1	0.78	0.239817	0.239818	2.20
1	0.76	0.233747	0.233747	2.20
-1	0.76	0.233747	0.233748	2.20
1	0.62	0.191252	0.191253	2.20
-1	0.79	0.242853	0.242853	2.20
-1	0.80	0.245888	0.245888	2.20
-1	0.66	0.203394	0.203394	2.20
-1	0.65	0.200359	0.200359	2.20
-1	0.68	0.209465	0.209465	2.20
1	0.70	0.215535	0.215536	2.20
-1	0.70	0.215535	0.215536	2.20
-1	0.72	0.221606	0.221606	2.20
1	0.81	0.248923	0.248923	2.20
1	0.73	0.224641	0.224642	2.20
1	0.80	0.245888	0.245888	2.20
1	0.74	0.227676	0.227677	2.20
-1	0.74	0.227676	0.227677	2.20
1	0.75	0.230712	0.230712	2.20
1	0.84	0.258028	0.258029	2.20
-1	0.84	0.258028	0.258029	2.20
-1	0.75	0.230712	0.230712	2.20
1	0.77	0.236782	0.236783	2.20
1	0.83	0.254993	0.254994	2.20
-1	0.83	0.254993	0.254994	2.20
-1	0.77	0.236782	0.236783	2.20
-1	0.85	0.261063	0.261064	2.20
1	0.85	0.261063	0.261064	2.20
1	0.79	0.242853	0.242853	2.20
-1	0.87	0.267133	0.267134	2.20
1	0.88	0.270168	0.270169	2.20
1	0.86	0.264098	0.264099	2.20
1	0.87	0.267133	0.267134	2.20
1	0.89	0.273203	0.273204	2.20
-1	0.88	0.270168	0.270169	2.20
1	0.92	0.282308	0.282309	2.20
1	0.90	0.276238	0.276239	2.20
-1	0.91	0.279273	0.279274	2.20
-1	0.92	0.282308	0.282309	2.20
1	0.93	0.285343	0.285344	2.20
1	0.82	0.251958	0.251959	2.20
-1	0.81	0.248923	0.248923	2.20
-1	0.82	0.251958	0.251959	2.20
-1	0.97	0.297483	0.297483	2.20
1	0.95	0.291413	0.291414	2.20
-1	0.95	0.291413	0.291414	2.20
-1	0.96	0.294448	0.294449	2.20
-1	0.86	0.264098	0.264099	2.20
1	0.98	0.300518	0.300518	2.20
-1	0.98	0.300518	0.300518	2.20
-1	0.89	0.273203	0.273204	2.20
-1	0.99	0.303552	0.303553	2.20
1	0.91	0.279273	0.279274	2.20
-1	0.90	0.276238	0.276239	2.20
-1	0.93	0.285343	0.285344	2.20
-1	0.94	0.288378	0.288379	2.20
1	0.96	0.294448	0.294449	2.20
1	0.94	0.288378	0.288379	2.20
1	0.97	0.297483	0.297483	2.20
1	0.99	0.303552	0.303553	2.20
